Function 1
n =  2
GD [-0.0182 -0.02    0.0006] -0.03525736
GD [ 0.6866  0.9512 -0.105 ] 6.041198320000001
PGD [-0.025413 -0.029913  0.001668] -0.049597601511
PGD [ 0.599161  0.898087 -0.140802] 4.996344369977001
Nesterov GD [-0.02538966 -0.02990721  0.00167723] -0.04957896040581153
Nesterov GD [ 0.59994046  0.89781205 -0.14059741] 5.000131839107135
Adagrad GD [-0.0163408  -0.01707107  0.01      ] -0.03168485057959318
Adagrad GD [ 0.98297402  0.98292893 -0.01699929] 10.562652024013
Newton [-0.16666667 -0.22916667  0.16666667] -0.19791666666666669
Newton [-0.16666667 -0.22916667  0.16666667] -0.19791666666666669
BFGS [-1.11113333e-01 -1.11133333e-01  6.66666667e-06] -0.11113555226666666
BFGS [ 0.42993526  0.96989967 -0.18003854] 5.028738540503577
n =  5
GD [-0.03722513 -0.04780083  0.00477825] -0.07265853373031797
GD [ 0.49060337  0.78298788 -0.18990303] 3.672912916835993
PGD [-0.04279087 -0.05655236  0.00681118] -0.082958237483478
PGD [ 0.44802422  0.7232639  -0.20906697] 3.1529990896267464
Nesterov GD [-0.04276919 -0.05652716  0.00682333] -0.08293056227812334
Nesterov GD [ 0.44845283  0.72334533 -0.20885185] 3.155210800974089
Adagrad GD [-0.02961726 -0.03212577  0.02398713] -0.056334496206381326
Adagrad GD [ 0.96792367  0.96769847 -0.03193098] 10.185126846397704
Newton [-0.16666667 -0.22916667  0.16666667] -0.19791666666666663
Newton [-0.16666667 -0.22916667  0.16666667] -0.19791666666666663
BFGS [-0.12174341 -0.19571023  0.02467431] -0.1564889412896876
BFGS [ 0.06408132  0.07702794 -0.45862016] 0.6340713568020092
n =  10
GD [-0.06058477 -0.08473229  0.01620659] -0.11272088687798694
GD [ 0.33248914  0.5289074  -0.25006252] 1.8537141911193322
PGD [-0.06493279 -0.091525    0.01912884] -0.11920901922124585
PGD [ 0.30652538  0.4829996  -0.25569488] 1.610168233318546
Nesterov GD [-0.06491138 -0.09148652  0.01913831] -0.11918154887682417
Nesterov GD [ 0.30671569  0.48331138 -0.25550012] 1.6118315534463812
Adagrad GD [-0.0439673  -0.04942536  0.03925938] -0.08148910536734055
Adagrad GD [ 0.9504093   0.94986302 -0.04920757] 9.756435369234636
Newton [-0.16666667 -0.22916667  0.16666667] -0.19791666666666669
Newton [-0.16666667 -0.22916667  0.16666667] -0.19791666666666669
BFGS [-0.11352011 -0.185538    0.02572301] -0.15711961685250944
BFGS [ 0.10416906  0.06779403 -0.44714474] 0.6005523467933175
n =  100
GD [-0.16008983 -0.22113633  0.15398412] -0.1975283975531976
GD [-0.1410581  -0.19788032  0.11734984] -0.19203773160792156
PGD [-0.16047521 -0.22160726  0.15472591] -0.1975725282414038
PGD [-0.14256082 -0.19972     0.12023011] -0.1927059383179121
Nesterov GD [-0.16046958 -0.22160036  0.15471514] -0.19757190455811488
Nesterov GD [-0.14253878 -0.19969285  0.12018846] -0.19269649452908866
Adagrad GD [-0.12062797 -0.15751371  0.11941736] -0.17994617836561594
Adagrad GD [ 0.82247748  0.81711889 -0.17143142] 6.970224256290469
Newton [-0.16666667 -0.22916667  0.16666667] -0.19791666666666669
Newton [-0.16666667 -0.22916667  0.16666667] -0.19791666666666669
BFGS [-0.16666667 -0.22916667  0.16666667] -0.19791666666666666
BFGS [-0.16666667 -0.22916667  0.16666667] -0.19791666666666666
time max =  0.1
GD [-0.16666667 -0.22916667  0.16666667] -0.19791666666666666
GD [-0.16666667 -0.22916667  0.16666667] -0.19791666666666666
PGD [-0.16666667 -0.22916667  0.16666667] -0.19791666666666666
PGD [-0.16666667 -0.22916667  0.16666667] -0.19791666666666666
Nesterov GD [-0.16666667 -0.22916667  0.16666667] -0.19791666666666666
Nesterov GD [-0.16666667 -0.22916667  0.16666667] -0.19791666666666666
Adagrad GD [-0.11078432 -0.14252955  0.10926736] -0.1716058970111412
Adagrad GD [ 0.8502037   0.84618787 -0.14565842] 7.522750729551103
Newton [-0.16666667 -0.22916667  0.16666667] -0.19791666666666669
Newton [-0.16666667 -0.22916667  0.16666667] -0.19791666666666669
BFGS [-0.16666667 -0.22916667  0.16666667] -0.19791666666666666
BFGS [-0.16666667 -0.22916667  0.16666667] -0.19791666666666666
time max =  1
GD [-0.16666667 -0.22916667  0.16666667] -0.19791666666666666
GD [-0.16666667 -0.22916667  0.16666667] -0.19791666666666666
PGD [-0.16666667 -0.22916667  0.16666667] -0.19791666666666666
PGD [-0.16666667 -0.22916667  0.16666667] -0.19791666666666666
Nesterov GD [-0.16666667 -0.22916667  0.16666667] -0.19791666666666666
Nesterov GD [-0.16666667 -0.22916667  0.16666667] -0.19791666666666666
Adagrad GD [-0.15287785 -0.20755881  0.15253608] -0.1962864283301984
Adagrad GD [ 0.72398348  0.71287764 -0.25820886] 5.233598324343745
Newton [-0.16666667 -0.22916667  0.16666667] -0.19791666666666669
Newton [-0.16666667 -0.22916667  0.16666667] -0.19791666666666669
BFGS [-0.16666667 -0.22916667  0.16666667] -0.19791666666666666
BFGS [-0.16666667 -0.22916667  0.16666667] -0.19791666666666666
time max =  2
GD [-0.16666667 -0.22916667  0.16666667] -0.19791666666666666
GD [-0.16666667 -0.22916667  0.16666667] -0.19791666666666666
PGD [-0.16666667 -0.22916667  0.16666667] -0.19791666666666666
PGD [-0.16666667 -0.22916667  0.16666667] -0.19791666666666666
Nesterov GD [-0.16666667 -0.22916667  0.16666667] -0.19791666666666666
Nesterov GD [-0.16666667 -0.22916667  0.16666667] -0.19791666666666666
Adagrad GD [-0.16022563 -0.21906819  0.16006668] -0.19756065429976624
Adagrad GD [ 0.6744145   0.65996444 -0.29800253] 4.49011675514566
Newton [-0.16666667 -0.22916667  0.16666667] -0.19791666666666669
Newton [-0.16666667 -0.22916667  0.16666667] -0.19791666666666663
BFGS [-0.16666667 -0.22916667  0.16666667] -0.19791666666666666
BFGS [-0.16666667 -0.22916667  0.16666667] -0.19791666666666666
Function 2
n =  2
GD [1.06535251 1.12528986 1.25486595] 0.04237239125217664
GD [-1.02305097  1.13267024  1.21655427] 5.291303548299122
PGD [1.06103622 1.12182009 1.2571631 ] 0.02032131525019303
PGD [-1.05411121  1.0853      1.2297683 ] 4.562753717648613
Nesterov GD [1.06108141 1.1218283  1.2571513 ] 0.020407420037362026
Nesterov GD [-1.05424837  1.08500836  1.22985007] 4.573772753418884
Adagrad GD [1.19829526 1.19830059 1.20170205] 11.210546352577026
Adagrad GD [-1.00170182  1.19829824  1.20170205] 13.33015320959787
Newton [1.05776971 1.11424466 1.22854767] 0.0354178963914288
Newton [-0.89079472  0.74508573  0.32739814] 9.061843265955265
BFGS [1.07930854 1.12942357 1.25016026] 0.21365289506319524
BFGS [-1.04366696  1.11081944  1.22752065] 4.239514636512234
n =  5
GD [1.05903901 1.12114143 1.25762354] 0.01822295618259744
GD [-1.04880797  1.09746989  1.22320784] 4.242976298680136
PGD [1.05874001 1.12127567 1.2574872 ] 0.018175298283116776
PGD [-1.04370025  1.1059439   1.21947609] 4.216924705316934
Nesterov GD [1.05873955 1.12128129 1.25748608] 0.01817646139714867
Nesterov GD [-1.04361651  1.10604862  1.21941547] 4.217763351837036
Adagrad GD [1.19678099 1.19680953 1.20320464] 10.873213476895149
Adagrad GD [-1.0032033   1.19679697  1.20320458] 12.925535142171999
Newton [1.00284029 1.00568037 1.01133575] 4.0668686594024945e-05
Newton [-0.17195775 -0.09897162  0.00457768] 4.236227155365486
BFGS [1.06055559 1.11863397 1.25788434] 0.025796381930707504
BFGS [-1.04609825  1.10592285  1.22899394] 4.214711534872591
n =  10
GD [1.05864752 1.12098622 1.25711121] 0.01810864030289775
GD [-1.04485612  1.10184568  1.21715482] 4.203008679052148
PGD [1.05863534 1.12091642 1.2570051 ] 0.01809360796413152
PGD [-1.04499025  1.10098677  1.216529  ] 4.202149805174068
Nesterov GD [1.05863592 1.12091628 1.25700633] 0.01809375578907651
Nesterov GD [-1.04499297  1.10096119  1.21650793] 4.202130544354153
Adagrad GD [1.1950117  1.19508564 1.20495122] 10.488792467028398
Adagrad GD [-1.00494736  1.19505305  1.20495095] 12.467175588664023
Newton [1. 1. 1.] 6.340469525713882e-29
Newton [-2.53284987  5.77125422 30.02149851] 1156.4276738648807
BFGS [1.05863267 1.12099148 1.25713877] 0.0181117583824165
BFGS [-1.0481133   1.105891    1.22608374] 4.212336612811132
n =  100
GD [1.05666518 1.11675785 1.24766448] 0.0168746921999298
GD [-1.02945794  1.06921156  1.14709682] 4.133886443347678
PGD [1.05664023 1.11670504 1.24754631] 0.016859509989795022
PGD [-1.02926429  1.06881353  1.14624546] 4.133046460642594
Nesterov GD [1.05664044 1.11670549 1.24754731] 0.016859639144392074
Nesterov GD [-1.02925851  1.06880164  1.14622004] 4.133021379460325
Adagrad GD [1.181855   1.18290162 1.21763959] 7.939434230875636
Adagrad GD [-1.01754352  1.18243375  1.21762127] 9.52485499923484
Newton [1. 1. 1.] 0.0
Newton [1. 1. 1.] 0.0
BFGS [1. 1. 1.] 1.2424559257230936e-28
BFGS [0.61709281 0.38160083 0.14684806] 0.5292500232610241
time max =  0.1
GD [1.02841296 1.05774185 1.11908298] 0.00414962853673543
GD [-0.68204366  0.47595246  0.22929621] 3.1162584113441607
PGD [1.0052588  1.01056532 1.02129226] 0.00013957117396492315
PGD [0.96760814 0.93614306 0.87604737] 0.005138455272189891
Nesterov GD [1.00712762 1.01433325 1.0289396 ] 0.00025677678082580246
Nesterov GD [0.95125729 0.90470735 0.81801412] 0.011483054279598674
Adagrad GD [1.18386615 1.18468521 1.21573582] 8.295226646770843
Adagrad GD [-1.01473391  1.18525507  1.21478294] 10.12545248712416
Newton [1. 1. 1.] 0.0
Newton [1. 1. 1.] 0.0
BFGS [1. 1. 1.] 1.2424559257230936e-28
BFGS [1. 1. 1.] 0.0
time max =  1
GD [1.00000599 1.000012   1.00002405] 1.8010659878247546e-10
GD [0.99997219 0.99994428 0.99988829] 3.88634599428844e-09
PGD [1. 1. 1.] 2.9874162480719717e-26
PGD [1. 1. 1.] 1.5810779795846557e-21
Nesterov GD [1. 1. 1.] 8.961523830347824e-24
Nesterov GD [1. 1. 1.] 7.358243465220726e-23
Adagrad GD [1.17012811 1.17318258 1.22845589] 6.088695289973373
Adagrad GD [-1.02731213  1.17255722  1.22759001] 7.682791944966168
Newton [1. 1. 1.] 0.0
Newton [1. 1. 1.] 0.0
BFGS [1. 1. 1.] 1.2424559257230936e-28
BFGS [1. 1. 1.] 0.0
time max =  2
GD [1. 1. 1.] 1.978561060239704e-18
GD [1.         0.99999999 0.99999998] 7.910358752337539e-17
PGD [1. 1. 1.] 2.9874162480719717e-26
PGD [1. 1. 1.] 6.355322297444997e-27
Nesterov GD [1. 1. 1.] 2.9874162480719717e-26
Nesterov GD [1. 1. 1.] 6.355322297444997e-27
Adagrad GD [1.16303433 1.16795242 1.23474836] 5.1395830828671984
Adagrad GD [-1.03378335  1.16590866  1.23433723] 6.67124154542502
Newton [1. 1. 1.] 0.0
Newton [1. 1. 1.] 0.0
BFGS [1. 1. 1.] 1.2424559257230936e-28
BFGS [1. 1. 1.] 0.0
Function 3
n =  2
GD [1.00000008 0.99944519] 14.18773955997873
GD [3.72008309 2.14756592] 1557.5055207363016
PGD [1.00000023 0.99916806] 14.18006246695374
PGD [3.71244313 2.10529925] 1382.062114177339
Nesterov GD [1.00000023 0.99916806] 14.180062467058795
Nesterov GD [3.71244366 2.10530162] 1382.0715281632124
Adagrad GD [1.00001    0.99998293] 14.202651285533964
Adagrad GD [4.49998293 4.49998293] 174808.11147240835
Newton [0. 1.] 14.203125
Newton [3.28398585 3.2993568 ] 15043.650881406775
BFGS [1.0001124 0.5947108] 7.137990900287279
BFGS [3.71990311 2.14660936] 1553.3318292836245
n =  5
GD [1.00000077 0.9986144 ] 14.164740184471986
GD [3.69969058 2.03221002] 1118.1076642454268
PGD [1.00000115 0.99833783] 14.157094258289025
PGD [3.69427658 2.00015954] 1016.6084350888655
Nesterov GD [1.00000115 0.99833783] 14.157094258550167
Nesterov GD [3.69427701 2.00016144] 1016.6142688763825
Adagrad GD [1.00003296 0.99996768] 14.202228225975748
Adagrad GD [4.49996768 4.49996768] 174803.42142033158
Newton [0. 1.] 14.203125
Newton [1.95925605 2.07453011] 418.8040273374639
BFGS [ 1.00073602 -0.03505297] 4.41729562359825
BFGS [3.56796348 1.29158549] 73.41814458523855
n =  10
GD [1.00000345 0.99723352] 14.126616414179022
GD [3.67710426 1.89349407] 732.8495308604708
PGD [1.00000421 0.99695788] 14.119021968645733
PGD [3.67363699 1.87094081] 682.3329753049483
Nesterov GD [1.00000421 0.99695788] 14.119021969163033
Nesterov GD [3.67363733 1.87094223] 682.3361091626413
Adagrad GD [1.00005997 0.99994979] 14.20173169321211
Adagrad GD [4.49994979 4.49994979] 174797.91706647465
Newton [0. 1.] 14.203125
Newton [0.10933726 1.02338246] 14.275382725387487
BFGS [ 1.00204531 -0.22007931] 4.357273029797081
BFGS [3.45644465 0.642658  ] 0.12643160712290918
n =  100
GD [1.00036156 0.97314813] 13.481904125877715
GD [3.60480732 1.23741598] 57.12241930010864
PGD [1.00036868 0.9728881 ] 13.475146129221443
PGD [3.60464334 1.23456158] 56.310705420501016
Nesterov GD [1.00036868 0.9728881 ] 13.475146133599145
Nesterov GD [3.60464348 1.23456181] 56.31077226201741
Adagrad GD [1.00025896 0.99981411] 14.197966413924018
Adagrad GD [4.49981411 4.49981411] 174756.18379760347
Newton [0. 1.] 14.203125
Newton [0. 1.] 14.203125
BFGS [3.  0.5] 2.465190328815662e-31
BFGS [3.  0.5] 5.053640174072107e-31
time max =  0.1
GD [1.06447035 0.66789029] 7.596866644050006
GD [3.61679578 0.65697347] 0.10613854740520297
PGD [1.24535269 0.39529687] 4.117696826301282
PGD [3.6194567  0.62235979] 0.03365502204771748
Nesterov GD [1.20479302 0.44044074] 4.637635688278995
Nesterov GD [3.6195707  0.62312665] 0.03386498381730981
Adagrad GD [1.00023167 0.99983295] 14.198489232595193
Adagrad GD [4.4998286 4.4998286] 174760.63952248756
Newton [0. 1.] 14.203125
Newton [0. 1.] 14.203125
BFGS [3.  0.5] 2.465190328815662e-31
BFGS [3.  0.5] 5.053640174072107e-31
time max =  1
GD [1.75654231 0.1147497 ] 1.0287205535753774
GD [3.60945384 0.61864467] 0.032599141422181656
PGD [2.20635165 0.22164932] 0.2663032075523808
PGD [3.5866072  0.61518367] 0.030809765812758957
Nesterov GD [2.15553209 0.19873927] 0.3204256112918096
Nesterov GD [3.5906642  0.61580275] 0.031126461738932132
Adagrad GD [1.00044824 0.99968266] 14.194318263264723
Adagrad GD [4.49968569 4.49968569] 174716.69054845595
Newton [0. 1.] 14.203125
Newton [0. 1.] 14.203125
BFGS [3.  0.5] 2.465190328815662e-31
BFGS [3.  0.5] 5.053640174072107e-31
time max =  2
GD [2.08527906 0.1684123 ] 0.4070646291651182
GD [3.59537378 0.61651897] 0.03149468493611522
PGD [2.48213557 0.3377665 ] 0.08015840006711514
PGD [3.54717738 0.60906341] 0.02775864890319018
Nesterov GD [2.39490926 0.30331615] 0.1222415256986294
Nesterov GD [3.555687   0.61040034] 0.0284127320771476
Adagrad GD [1.0005301  0.99962553] 14.192732681966639
Adagrad GD [4.49962605 4.49962605] 174698.35257256273
Newton [0. 1.] 14.203125
Newton [0. 1.] 14.203125
BFGS [3.  0.5] 2.465190328815662e-31
BFGS [3.  0.5] 5.053640174072107e-31
