GD
50 [1.002 0.529] RMSE 0.147
100 [1.233 0.608] RMSE 13.679
1000 [1.985 0.992] RMSE 569.635
10000 [2. 1.] RMSE 5773.504
100000 [2. 1.] RMSE 57735.807
1000000 [2. 1.] RMSE 577351.127
SGD
50 [0.987 0.961] RMSE 0.244
100 [0.993 0.983] RMSE 0.243
1000 [0.999 0.998] RMSE 0.268
10000 [1. 1.] RMSE 0.269
100000 [1. 1.] RMSE 0.27
1000000 [1. 1.] RMSE 0.269
BFGS
50 [1.    0.486] RMSE 0.077
100 [1.001 0.464] RMSE 0.105
1000 [1.  0.5] RMSE 0.101
10000 [1.  0.5] RMSE 0.1
100000 [1.  0.5] RMSE 0.1
1000000 [1.  0.5] RMSE 0.1
L-BFGS
50 [0.986 0.969] RMSE 0.278
100 [-28.993 825.208] RMSE 1107.076
1000 [ 0.898 69.299] RMSE 34.377
10000 [0.998 0.975] RMSE 10.117
100000 [1.    0.519] RMSE 0.101
1000000 [  1.    -15.407] RMSE 7.96
